010100
010200
010300
010400
010500
010600
010700
010801
010802
010900
011000
020200
020301
020302
020401
020402
020403
020501
020502
020503
020600
020700
020801
020802
030101
030102
030201
030202
030203
030300
030401
030402
030501
030502
030601
030602
030701
030702
030801
030802
030901
030902
031001
031002
031101
031102
031200
031300
031401
031402
031403
031501
031502
031601
031602
031700
031800
040101
040102
040103
040201
040202
040301
040302
040400
040500
040601
040700
040801
040802
040900
041000
041100
041201
041300
041401
041402
041501
041503
041504
041505
041506
050100
050200
050301
050302
050400
050500
050600
050701
050702
050800
050901
050902
051001
051002
051100
051201
051202
051301
051302
051401
051402
060101
060102
060200
060300
060400
070101
070102
070200
070300
070400
070500
070600
070700
070801
070802
070900
071000
071100
071200
071300
071401
071402
080101
080102
080201
080202
080203
080204
080301
080302
080401
080402
080403
080500
080601
080602
080701
080702
080703
080801
080802
080901
080902
080903
090100
090201
090202
090203
090300
090400
100200
100301
100302
100401
100402
100500
100600
100700
100800
100901
100902
101000
101101
101102
101201
101202
101301
101302
101303
101401
101402
101500
101600
101701
101702
101800
101900
102001
102002
102100
102200
102300
102400
102500
102600
102701
102702
102801
102802
102901
102902
103001
103002
110100
110200
110300
110400
110500
110600
110701
110702
110800
110901
110902
111001
111002
111003
111101
111102
111201
111202
111203
111301
111302
111303
111401
111402
111403
120100
120200
120301
120302
120401
120402
120500
120601
120602
120701
120702
120800
120901
120902
120903
120904
121001
121002
121003
121004
121101
121102
130100
130201
130202
130301
130302
130401
130402
130403
130500
130600
130700
130800
130900
140100
140200
140300
140401
140402
140500
140600
140700
140801
140802
150100
150200
150301
150302
150400
150501
150502
150503
150601
150602
150701
150702
150801
150802
150803
160101
160102
160201
160202
160203
160300
160401
160402
160501
160502
160503
160600
170101
170102
170103
170200
170300
170401
170402
170501
170502
170601
170602
170603
170701
170702
170703
170800
170900
171001
171002
171003
171100
171200
180101
180102
180200
180201
180300
180400
180500
180600
180701
180702
180703
180800
180901
180902
181001
181002
